5.506130000000000291e+04
5.496450000000000000e+04
5.492019999999999709e+04
5.496190000000000146e+04
5.496790000000000146e+04
5.492280000000000291e+04
5.496390000000000146e+04
5.495950000000000000e+04
5.505830000000000291e+04
5.492780000000000291e+04
5.506330000000000291e+04
5.493019999999999709e+04
5.505730000000000291e+04
5.496190000000000146e+04
5.501659999999999854e+04
5.493019999999999709e+04
5.505230000000000291e+04
5.491780000000000291e+04
5.493280000000000291e+04
5.506330000000000291e+04
5.493959999999999854e+04
5.506330000000000291e+04
5.501359999999999854e+04
5.501359999999999854e+04
5.506630000000000291e+04
5.505230000000000291e+04
5.501659999999999854e+04
5.494459999999999854e+04
5.502559999999999854e+04
5.495390000000000146e+04
5.496890000000000146e+04
5.495219999999999709e+04
5.506330000000000291e+04
5.506630000000000291e+04
5.505230000000000291e+04
5.506630000000000291e+04
5.506330000000000291e+04
5.493459999999999854e+04
5.496390000000000146e+04
5.496890000000000146e+04
5.493219999999999709e+04
5.501659999999999854e+04
5.496890000000000146e+04
5.497890000000000146e+04
5.500659999999999854e+04
5.495790000000000146e+04
5.495719999999999709e+04
5.491719999999999709e+04
5.496450000000000000e+04
5.501159999999999854e+04
