5.528900000000000000e+04
5.583400000000000000e+04
5.551400000000000000e+04
5.573600000000000000e+04
5.541600000000000000e+04
5.519000000000000000e+04
5.566600000000000000e+04
5.560800000000000000e+04
5.542700000000000000e+04
5.590400000000000000e+04
5.585600000000000000e+04
5.523500000000000000e+04
5.533200000000000000e+04
5.484800000000000000e+04
5.540300000000000000e+04
5.548000000000000000e+04
5.554200000000000000e+04
5.539500000000000000e+04
5.518100000000000000e+04
5.569500000000000000e+04
5.547100000000000000e+04
5.534400000000000000e+04
5.568200000000000000e+04
5.539400000000000000e+04
5.541300000000000000e+04
5.501700000000000000e+04
5.556300000000000000e+04
5.518700000000000000e+04
5.549900000000000000e+04
5.573000000000000000e+04
5.545300000000000000e+04
5.561400000000000000e+04
5.537400000000000000e+04
5.531100000000000000e+04
5.569900000000000000e+04
5.548800000000000000e+04
5.566900000000000000e+04
5.569900000000000000e+04
5.583700000000000000e+04
5.500300000000000000e+04
5.565900000000000000e+04
5.569000000000000000e+04
5.534700000000000000e+04
5.592600000000000000e+04
5.540500000000000000e+04
5.592300000000000000e+04
5.566000000000000000e+04
5.504500000000000000e+04
5.546100000000000000e+04
5.504700000000000000e+04
