5.461160000000000582e+04
5.482219999999999709e+04
5.471529999999999563e+04
5.485340000000000146e+04
5.475400000000000000e+04
5.489390000000000146e+04
5.524029999999998836e+04
5.440460000000000582e+04
5.453619999999999709e+04
5.536569999999998981e+04
5.484730000000001019e+04
5.444599999999999272e+04
5.533800000000000000e+04
5.519119999999999709e+04
5.503039999999999418e+04
5.494859999999999854e+04
5.499459999999999854e+04
5.506780000000000291e+04
5.520860000000000582e+04
5.506529999999999563e+04
