1.336141519248485565e+00
1.336141519248485565e+00
1.336141519248485565e+00
1.336141519248485565e+00
1.336141519248485565e+00
1.557817131280899048e+00
1.923860132694244385e+00
2.541723370552062988e+00
3.577171742916107178e+00
4.796008050441741943e+00
6.554404556751251221e+00
9.421785473823547363e+00
1.360072946548461914e+01
1.963174915313720703e+01
2.737697863578796387e+01
3.808767509460449219e+01
5.658600234985351562e+01
8.230935668945312500e+01
1.222409877777099609e+02
1.785858879089355469e+02
